,0,1,2,3,4,5,6
0,0.0,15.571428571428571,39.42857142857143,0.0,11.928571428571429,9.285714285714286,2.2142857142857144
1,15.571428571428571,0.0,28.357142857142858,0.0,9.928571428571429,5.571428571428571,4.428571428571429
2,39.42857142857143,28.357142857142858,6.571428571428571,0.0,9.571428571428571,7.285714285714286,3.0
3,0.0,0.0,0.0,0.0,0.0,0.0,0.0
4,11.928571428571429,9.928571428571429,9.571428571428571,0.0,0.0,6.857142857142857,3.142857142857143
5,9.285714285714286,5.571428571428571,7.285714285714286,0.0,6.857142857142857,0.0,3.4285714285714284
6,2.2142857142857144,4.428571428571429,3.0,0.0,3.142857142857143,3.4285714285714284,0.0
