,0,1,2,3,4,5,6
0,2.9411764705882355,3.411764705882353,2.823529411764706,1.411764705882353,0.0,1.8235294117647058,1.6470588235294117
1,3.411764705882353,11.411764705882353,3.0,2.0588235294117645,0.0,6.235294117647059,1.6470588235294117
2,2.823529411764706,3.0,0.0,1.0588235294117647,0.0,1.7647058823529411,0.8823529411764706
3,1.411764705882353,2.0588235294117645,1.0588235294117647,0.0,0.0,1.588235294117647,0.6470588235294118
4,0.0,0.0,0.0,0.0,0.0,0.0,0.0
5,1.8235294117647058,6.235294117647059,1.7647058823529411,1.588235294117647,0.0,0.0,0.35294117647058826
6,1.6470588235294117,1.6470588235294117,0.8823529411764706,0.6470588235294118,0.0,0.35294117647058826,0.0
