,0,1,2,3,4,5,6
0,0.0,0.09722222222222222,0.1736111111111111,0.0,0.09722222222222222,0.09027777777777778,0.09722222222222222
1,0.09722222222222222,0.0,0.18055555555555558,0.0,0.09722222222222222,0.09722222222222222,0.10416666666666667
2,0.1736111111111111,0.18055555555555558,0.1527777777777778,0.0,0.1736111111111111,0.16666666666666669,0.18055555555555558
3,0.0,0.0,0.0,0.0,0.0,0.0,0.0
4,0.09722222222222222,0.09722222222222222,0.1736111111111111,0.0,0.0,0.10416666666666667,0.09722222222222222
5,0.09027777777777778,0.09722222222222222,0.16666666666666669,0.0,0.10416666666666667,0.0,0.10416666666666667
6,0.09722222222222222,0.10416666666666667,0.18055555555555558,0.0,0.09722222222222222,0.10416666666666667,0.0
