,0,1,2,3,4,5,6
0,0.037037037037037035,0.14814814814814814,0.0,0.013888888888888888,0.07407407407407407,0.041666666666666664,0.06018518518518518
1,0.14814814814814814,0.12037037037037036,0.0,0.027777777777777776,0.09722222222222221,0.07407407407407407,0.10648148148148148
2,0.0,0.0,0.0,0.0,0.0,0.0,0.0
3,0.013888888888888888,0.027777777777777776,0.0,0.0,0.009259259259259259,0.013888888888888888,0.013888888888888888
4,0.07407407407407407,0.09722222222222221,0.0,0.009259259259259259,0.0,0.023148148148148147,0.041666666666666664
5,0.041666666666666664,0.07407407407407407,0.0,0.013888888888888888,0.023148148148148147,0.0,0.037037037037037035
6,0.06018518518518518,0.10648148148148148,0.0,0.013888888888888888,0.041666666666666664,0.037037037037037035,0.0
