,0,1,2,3,4,5,6
0,0.0,28.214285714285715,58.07142857142857,0.0,10.80952380952381,8.333333333333334,1.6666666666666667
1,28.214285714285715,0.0,32.595238095238095,0.0,8.571428571428571,9.880952380952381,2.9285714285714284
2,58.07142857142857,32.595238095238095,7.619047619047619,0.0,7.928571428571429,8.476190476190476,2.238095238095238
3,0.0,0.0,0.0,0.0,0.0,0.0,0.0
4,10.80952380952381,8.571428571428571,7.928571428571429,0.0,0.0,6.190476190476191,2.4761904761904763
5,8.333333333333334,9.880952380952381,8.476190476190476,0.0,6.190476190476191,0.0,4.785714285714286
6,1.6666666666666667,2.9285714285714284,2.238095238095238,0.0,2.4761904761904763,4.785714285714286,0.0
